PLE 15 100
PLAT 0 520 912 10
PLAT 75 470 50 10
PLAT 140 400 50 10
PLAT 250 400 50 10
PLAT 350 400 100 10
PLAT 400 390 20 10
PLAT 440 300 50 10
PLAT 550 250 50 10
PLAT 540 350 70 10
PLAT 660 185 50 10
PLAT 770 110 50 10
PLAT 540 350 70 10
PLAT 860 80 52 7
PLAT 912 0 7 530
BUG 410 300 600 350 770 105 530 240 610 340
BUG 500 1 100 200 120 210 150 250 200 300
BUG 200 500 300 400 250 450 500 480 600 200
RTE 550 220 50 200 300 200
RTE 225 440 50 200 300 200
END 870 30 60 80
BOS 500 500 400 400 500 500