﻿PLE 470 0
BUG 300 300 600 350 770 105 530 240 610 340
BUG 300 1 100 200 120 210 150 250 200 300
BUG 200 500 300 400 250 450 500 480 600 200
RTE 850 220 580 200 600 270
RTE 625 440 450 200 500 600
PLAT 0 520 940 10
PLAT 935 0 7 530
PLAT 460 120 40 10
PLAT 560 65 40 10
PLAT 690 130 40 10
PLAT 350 230 250 10
PLAT 800 310 135 10
TRN 805 310
TRN 860 310
TRN 915 310
PLAT 550 400 40 10
PLAT 700 470 40 10
TRN 350 230
TRN 365 230
TRN 380 230
TRN 395 230
TRN 410 230
TRN 425 230
TRN 440 230
TRN 455 230
BUG 500 205 500 205 500 150
TRN 550 230
TRN 565 230
TRN 580 230
PLAT 850 480 40 10
PLAT 340 450 40 10
PLAT 180 400 40 10
TRN 0 520
TRN 15 520
TRN 30 520
TRN 45 520
TRN 60 520
TRN 75 520
TRN 90 520
TRN 105 520
TRN 120 520
TRN 135 520
TRN 150 520
TRN 165 520
TRN 180 520
TRN 195 520
TRN 210 520
TRN 225 520
TRN 240 520
TRN 255 520
TRN 270 520
TRN 285 520
TRN 300 520
TRN 315 520
TRN 330 520
TRN 345 520
TRN 365 520
TRN 380 520
TRN 395 520
TRN 410 520
TRN 425 520
TRN 440 520
TRN 455 520
TRN 470 520
TRN 485 520
TRN 500 520
TRN 515 520
TRN 530 520
TRN 545 520
TRN 560 520
TRN 575 520
TRN 590 520
TRN 605 520
TRN 620 520
TRN 635 520
TRN 650 520
TRN 665 520
TRN 680 520
TRN 695 520
TRN 710 520
TRN 725 520
TRN 740 520
TRN 755 520
TRN 770 520
TRN 785 520
TRN 800 520
TRN 815 520
TRN 830 520
TRN 845 520
TRN 860 520
TRN 875 520
TRN 890 520
TRN 905 520
TRN 920 520
END 15 415 430 480