PLE 15 100
PLAT 0 500 1185 11
PLAT 1180 0 7 510
PLAT 150 420 50 10
PLAT 250 350 10 150
PLAT 250 350 150 10
PLAT 520 350 50 10
PLAT 690 290 50 10
PLAT 800 190 50 10
PLAT 650 120 50 10
PLAT 800 90 50 10
PLAT 950 90 50 10
PLAT 1100 90 80 10
TRN 300 500
TRN 400 500
TRN 500 500
TRN 700 500
TRN 600 500
TRN 800 500
TRN 900 500
TRN 1000 500
TRN 1100 500
TRN 200 500
TRN 100 500
BOS 270 330 400 330 600 330 800 330
BUG 300 1 100 200 120 210 150 250 200 300
BUG 200 500 300 400 250 450 500 480 600 200
BUG 900 90 800 100 950 210 950 150 900 100
BUG 600 400 500 350 550 450 500 480 600 200
BUG 1120 450 1120 390 1120 200 1120 100
WEP 1100 70 1110 900
STR Найди оружие и убей врагов! Стрелять на X.